14,110
14,109
14,108
14,107
14,106
14,105
14,104
14,103
14,102
14,101
14,100
14,99
14,98
14,97
14,96
14,95
14,94
14,93
14,92
14,91
14,90
14,89
14,88
14,87
14,86
14,85
14,84
14,83
14,82
14,81
14,80
14,79
14,78
14,77
14,76
14,75
14,74
14,73
14,72
14,71
14,70
14,69
14,68
14,67
14,66
14,65
14,64
14,35
14,34
14,33
14,32
14,31
14,30
14,29
14,28
14,27
14,26
14,25
14,24
14,23
14,22
14,21
14,20
14,19
14,18
14,17
14,16
14,15
14,14
14,13
14,12
14,11
14,10
14,9
14,8
14,7
14,6
14,5
14,4
14,3
14,2
14,1
14,0
13,3
13,2
13,1
13,0
12,3
12,2
12,1
12,0
11,3
11,2
11,1
11,0
10,3
10,2
10,1
10,0
9,3
9,2
9,1
9,0
8,3
8,2
8,1
8,0
7,3
7,2
7,1
7,0
6,3
6,2
6,1
6,0
5,3
5,2
5,1
5,0
4,3
2,3
1,3
0,1114
0,1105
0,1025
0,1024
0,961
0,960
0,833
0,832
0,769
0,768
0,642
0,641
0,640
0,578
0,577
0,576
0,450
0,449
0,448
0,324
0,243
0,9
0,0
0,1
0,406
0,300
0,405
0,299
0,298
0,297
0,404
0,296
0,403
0,295
0,402
0,294
0,401
0,293
0,292
0,291
0,400
0,290
0,399
0,289
0,398
0,288
0,397
0,287
0,286
0,285
0,396
14,111
14,112
14,114
14,115
14,117
14,118
14,120
14,122
14,123
14,125
14,126
14,128
14,130
14,131
14,133
14,134
14,136
14,137
15,0
15,2
15,3
16,1
16,2
16,4
17,0
17,1
17,3
18,0
18,2
18,3
18,5
18,7
18,8
18,10
18,11
18,13
18,15
18,16
19,0
19,1
19,3
20,0
20,2
21,0
21,1
21,3
22,0
22,2
23,0
23,1
23,3
23,4
23,6
23,8
23,9
23,11
23,12
24,0
24,1
24,3
24,5
24,6
24,8
24,9
25,0
25,2
25,3
26,1
26,2
26,4
26,5
26,7
26,9
26,10
26,12
26,13
26,15
26,17
26,18
26,20
26,21
26,23
26,24
26,26
26,28
26,29
26,31
26,32
26,34
26,64
26,65
26,67
26,68
26,70
26,72
26,73
26,75
26,76
26,78
26,79
26,81
26,83
26,84
26,86
26,87
26,89
26,91
26,92
26,94
26,95
26,97
26,98
26,100
26,102
26,103
26,105
26,106
26,108
26,110
26,111
26,113
26,114
26,116
26,117
26,119
26,121
26,122
26,124
26,125
26,127
26,129
26,130
26,132
26,133
26,135
26,136
26,138
26,140
26,141
26,143
26,144
26,146
26,148
26,149
26,151
26,152
26,154
26,156
26,157
26,159
26,160
26,162
26,163
26,165
26,167
26,168
26,170
26,171
26,173
26,175
26,176
26,178
26,179
26,181
26,182
26,184
26,186
26,187
26,189
26,190
26,192
26,194
26,195
26,197
26,198
26,200
26,201
26,203
26,205
26,206
26,208
26,209
26,211
26,213
26,214
26,216
26,217
26,219
26,221
26,222
26,224
26,225
26,227
26,228
26,230
26,232
26,233
26,235
26,236
26,238
26,240
26,241
26,243
26,244
26,246
26,247
26,249
26,251
26,252
26,254
26,255
26,257
26,259
26,260
26,262
26,263
26,265
26,266
26,268
26,270
26,271
26,273
26,274
26,276
26,278
26,279
26,281
26,282
26,284
26,285
26,287
26,289
26,290
26,292
26,293
26,295
26,297
26,298
26,300
26,301
26,303
26,305
26,306
26,308
26,309
26,311
26,312
26,314
26,316
26,317
26,319
26,320
26,322
26,324
26,325
26,327
26,328
26,330
26,331
26,333
26,335
26,336
26,338
26,339
26,341
26,343
26,344
26,346
26,347
26,349
26,350
26,352
26,354
26,355
26,357
26,358
26,360
26,362
26,363
26,365
26,366
26,368
26,370
26,371
26,373
26,374
26,376
26,377
26,379
26,381
26,382
26,384
26,385
26,387
26,389
26,390
26,392
26,393
26,395
26,396
26,398
26,400
26,401
26,403
26,404
26,406
26,408
26,409
26,411
26,412
26,414
26,415
26,417
26,419
26,420
26,422
26,423
26,425
26,427
26,428
26,430
26,431
26,433
26,435
26,436
26,438
26,439
26,441
26,442
26,444
26,446
26,447
26,449
26,450
26,452
26,454
26,455
26,457
26,458
26,460
26,461
26,463
26,465
26,466
26,468
26,469
26,471
26,473
26,474
26,476
26,477
26,479
26,480
26,482
26,484
26,485
26,487
26,488
26,490
26,492
26,493
26,495
26,496
26,498
26,499
26,501
26,503
26,504
26,506
26,507
26,509
26,511
26,512
26,514
26,515
26,517
26,519
26,520
26,522
26,523
26,525
26,526
26,528
26,530
26,531
26,533
26,534
26,536
26,538
26,539
26,541
26,542
26,544
26,545
26,547
26,549
26,550
26,552
26,553
26,555
26,557
26,558
26,560
26,561
26,563
26,564
26,566
26,568
26,569
26,571
26,572
26,574
26,576
26,577
26,579
26,580
26,582
26,584
26,585
26,587
26,588
26,590
26,591
26,593
26,595
26,596
26,598
26,599
26,601
26,603
26,604
26,606
26,607
26,609
26,610
26,612
26,614
26,615
26,617
26,618
26,620
26,622
26,623
26,625
26,626
26,628
26,629
26,631
26,633
26,634
26,636
26,637
26,639
26,641
26,642
26,644
26,645
26,647
26,648
26,650
26,652
26,653
26,655
26,656
26,658
26,660
26,661
26,663
26,664
26,666
26,668
26,669
26,671
26,672
26,674
26,675
26,677
26,679
26,680
26,682
26,683
26,685
26,687
26,688
26,690
26,691
26,693
26,694
26,696
26,698
26,699
26,701
26,702
26,704
26,706
26,707
26,709
26,710
26,712
26,713
26,715
26,717
26,718
26,720
26,721
26,723
26,725
26,726
26,728
26,729
26,731
26,733
26,734
26,736
26,737
26,739
26,740
26,742
26,744
26,745
26,747
26,748
26,750
26,752
26,753
26,755
26,756
26,758
26,759
26,761
26,763
26,764
26,766
26,767
26,769
26,771
26,772
26,774
26,775
26,777
26,778
26,780
26,782
26,783
26,785
26,786
26,788
26,790
26,791
26,793
26,794
26,796
26,797
26,799
26,801
26,802
26,804
26,805
26,807
26,809
26,810
26,812
26,813
26,815
26,817
26,818
26,820
26,821
26,823
26,824
26,826
26,828
26,829
26,831
26,832
26,834
26,836
26,837
26,839
26,840
26,842
26,843
26,845
26,847
26,848
27,1
27,2
28,0
28,2
28,3
28,5
28,6
28,8
28,9
28,11
28,13
28,14
28,16
28,17
29,1
29,3
29,4
29,6
29,7
29,9
30,0
30,1
30,3
31,0
31,2
31,3
32,1
32,3
32,4
32,6
32,7
32,9
32,11
32,12
32,14
32,15
32,17
32,18
32,20
32,22
32,23
32,25
32,26
32,28
32,30
32,31
32,33
32,34
32,64
32,65
32,67
32,69
32,70
32,72
32,73
32,75
32,77
32,78
32,80
32,81
32,83
32,85
32,86
32,88
32,89
32,91
33,0
33,2
33,4
33,5
34,0
34,1
34,3
35,1
35,2
35,4
35,5
36,0
36,1
36,3
37,1
37,2
38,0
38,1
38,3
38,2
37,3
37,0
36,2
35,6
35,3
35,0
34,2
33,6
33,3
33,1
32,90
32,87
32,84
32,82
32,79
32,76
32,74
32,71
32,68
32,66
32,35
32,32
32,29
32,27
32,24
32,21
32,19
32,16
32,13
32,10
32,8
32,5
32,2
32,0
31,1
30,2
29,10
29,8
29,5
29,2
29,0
28,15
28,12
28,10
28,7
28,4
28,1
27,3
27,0
26,846
26,844
26,841
26,838
26,835
26,833
26,830
26,827
26,825
26,822
26,819
26,816
26,814
26,811
26,808
26,806
26,803
26,800
26,798
26,795
26,792
26,789
26,787
26,784
26,781
26,779
26,776
26,773
26,770
26,768
26,765
26,762
26,760
26,757
26,754
26,751
26,749
26,746
26,743
26,741
26,738
26,735
26,732
26,730
26,727
26,724
26,722
26,719
26,716
26,714
26,711
26,708
26,705
26,703
26,700
26,697
26,695
26,692
26,689
26,686
26,684
26,681
26,678
26,676
26,673
26,670
26,667
26,665
26,662
26,659
26,657
26,654
26,651
26,649
26,646
26,643
26,640
26,638
26,635
26,632
26,630
26,627
26,624
26,621
26,619
26,616
26,613
26,611
26,608
26,605
26,602
26,600
26,597
26,594
26,592
26,589
26,586
26,583
26,581
26,578
26,575
26,573
26,570
26,567
26,565
26,562
26,559
26,556
26,554
26,551
26,548
26,546
26,543
26,540
26,537
26,535
26,532
26,529
26,527
26,524
26,521
26,518
26,516
26,513
26,510
26,508
26,505
26,502
26,500
26,497
26,494
26,491
26,489
26,486
26,483
26,481
26,478
26,475
26,472
26,470
26,467
26,464
26,462
26,459
26,456
26,453
26,451
26,448
26,445
26,443
26,440
26,437
26,434
26,432
26,429
26,426
26,424
26,421
26,418
26,416
26,413
26,410
26,407
26,405
26,402
26,399
26,397
26,394
26,391
26,388
26,386
26,383
26,380
26,378
26,375
26,372
26,369
26,367
26,364
26,361
26,359
26,356
26,353
26,351
26,348
26,345
26,342
26,340
26,337
26,334
26,332
26,329
26,326
26,323
26,321
26,318
26,315
26,313
26,310
26,307
26,304
26,302
26,299
26,296
26,294
26,291
26,288
26,286
26,283
26,280
26,277
26,275
26,272
26,269
26,267
26,264
26,261
26,258
26,256
26,253
26,250
26,248
26,245
26,242
26,239
26,237
26,234
26,231
26,229
26,226
26,223
26,220
26,218
26,215
26,212
26,210
26,207
26,204
26,202
26,199
26,196
26,193
26,191
26,188
26,185
26,183
26,180
26,177
26,174
26,172
26,169
26,166
26,164
26,161
26,158
26,155
26,153
26,150
26,147
26,145
26,142
26,139
26,137
26,134
26,131
26,128
26,126
26,123
26,120
26,118
26,115
26,112
26,109
26,107
26,104
26,101
26,99
26,96
26,93
26,90
26,88
26,85
26,82
26,80
26,77
26,74
26,71
26,69
26,66
26,35
26,33
26,30
26,27
26,25
26,22
26,19
26,16
26,14
26,11
26,8
26,6
26,3
26,0
25,1
24,10
24,7
24,4
24,2
23,13
23,10
23,7
23,5
23,2
22,3
22,1
21,2
20,3
20,1
19,2
18,17
18,14
18,12
18,9
18,6
18,4
18,1
17,2
16,5
16,3
16,0
15,1
14,138
14,135
14,132
14,129
14,127
14,124
14,121
14,119
14,116
14,113
0,284
0,395
0,283
0,394
0,282
0,393
0,281
0,280
0,279
0,392
0,278
0,391
0,277
0,390
0,276
0,389
0,275
0,274
0,273
0,388
0,272
0,387
0,271
0,386
0,270
0,385
0,269
0,268
0,267
0,384
0,266
0,383
0,265
0,382
0,264
0,381
0,263
0,262
0,261
0,380
0,260
0,379
0,259
0,378
0,258
0,377
0,257
0,256
0,255
0,376
0,254
0,375
0,253
0,374
0,252
0,373
0,251
0,1115
0,250
0,249
0,372
0,248
0,371
0,247
0,370
0,246
0,369
0,245
0,244
0,1113
0,242
0,368
0,241
0,367
0,240
0,366
0,239
0,238
0,237
0,365
0,236
0,364
0,235
0,1112
0,234
0,350
0,233
0,232
0,231
0,1111
0,230
0,348
0,229
0,347
0,228
0,346
0,227
0,345
0,226
0,225
0,1110
0,224
0,344
0,223
0,343
0,222
0,342
0,221
0,341
0,220
0,219
0,1109
0,218
0,340
0,217
0,339
0,216
0,338
0,215
0,337
0,214
0,213
0,1108
0,212
0,336
0,211
0,335
0,210
0,334
0,209
0,333
0,208
0,1107
0,207
0,1106
0,206
0,332
0,205
0,331
0,204
0,330
0,203
0,329
0,202
0,1103
0,201
0,1102
0,200
0,199
0,327
0,198
0,326
0,197
0,325
0,196
0,1101
0,195
0,1098
0,194
0,193
0,322
0,192
0,321
0,63
0,320
0,62
0,1097
0,61
0,60
0,319
0,59
0,318
0,58
0,317
0,57
0,56
0,55
0,54
0,53
0,52
0,51
0,50
0,311
0,49
0,48
0,309
0,47
0,308
0,46
0,307
0,45
0,301
0,6
0,5
0,304
0,303
0,306
0,305
0,302
0,12
0,1104
0,10
0,8
0,11
0,4
0,2
0,3
0,7
